-,-,-
-305, -566, -728
-251, -572, -671
-237, -557, -721
-238, -539, -828
-243, -547, -827
-289, -545, -724
-360, -536, -721
-374, -518, -760
-312, -515, -805
-346, -485, -925
-404, -425, -937
-337, -360, -1077
-287, -204, -1542
-304, 35, -1914
-71, 227, -1997
-71, 227, -1997
-74, 572, -1997
-48, 1000, -1997
203, 1560, -1997
731, 1989, -1721
1290, 1997, -107
1291, 1896, 1697
788, 1265, 1998
437, 1333, 1874
673, 1443, 1991
1181, 1380, 1998
-,-,-
-562, 166, -1759
-640, 201, -1997
-437, 378, -1997
14, 664, -1827
14, 664, -1827
188, 606, -445
684, 505, -663
822, 760, -1480
204, 1527, -1136
715, 1997, 24
1498, 1995, 1382
1554, 1806, 1982
882, 1849, 1765
1088, 1634, 1998
1092, 1413, 1998
-,-,-
261, 161, -1864
37, 155, -1058
-134, 74, -1050
-134, 74, -1050
-335, 171, -1906
72, 940, -1918
1254, 953, 961
810, -36, 1879
111, 182, -513
320, 1025, -1509
804, 1901, -919
1166, 1697, 1582
499, 334, 1998
-111, 1072, 1061
350, 1656, -667
-,-,-
-245, 29, -1912
-154, 205, -1891
-245, 442, -1997
-288, 692, -1997
-221, 1103, -1997
322, 1638, -1984
1228, 1925, -1236
1639, 1367, 691
1238, 1605, -354
804, 1997, -702
1362, 1997, 626
1652, 1502, 1998
425, 1252, 1998
276, 1950, 1380
-,-,-
419, 1422, -1815
401, 1595, -732
401, 1595, -732
1053, 1367, -128
872, 1686, -892
911, 1997, -353
601, 1997, 1458
705, 1548, 1998
513, 1399, 1991
568, 1906, 1453
877, 1878, 1851
1052, 854, 1998
-,-,-
395, 877, -1895
930, 1506, -1503
1061, 1155, 680
513, 772, 2
513, 772, 2
366, 1757, -1896
1299, 1997, -505
1299, 1968, 1998
825, 777, 1998
8, 1514, 1751
412, 1842, 1461
768, 1249, 1998
801, 563, 1998
-,-,-
488, 1803, -1995
488, 1803, -1995
1256, 1997, -568
1452, 1351, 1998
1584, 393, 873
307, 1692, -1969
687, 1997, 545
1915, 1402, 1998
849, 750, 1998
-285, 1644, 1871
259, 1895, 1666
1071, 1195, 1998
-,-,-
152, 1330, -1960
401, 1993, -1797
1259, 1700, 1474
1322, 565, 1221
394, 1619, -1746
796, 1997, 394
1434, 1252, 1998
886, 679, 1998
387, 1120, 1998
387, 1120, 1998
526, 912, 1998
644, 561, 1998
558, 286, 1998
-,-,-
144, -102, -1925
194, -80, -1568
428, -145, -1415
486, 127, -1997
381, 727, -1997
434, 1528, -1865
1431, 1408, 142
1049, 776, 999
1049, 776, 999
594, 1225, -316
1142, 1755, -122
1078, 1997, 597
1066, 1997, 1625
735, 1412, 1998
13, 1301, 1998
-,-,-
67, 280, -1967
67, 280, -1967
95, 416, -1997
354, 789, -1997
757, 1275, -1997
1544, 1962, -1997
1990, 1831, 889
608, 759, 1884
421, 1538, -1333
1505, 1997, -1961
1848, 1997, 752
1206, 1723, 1998
-88, 1492, 1998
-139, 1997, 1519
801, 1983, 1574
-,-,-
-95, 200, -1914
-256, 451, -1997
-71, 750, -1682
14, 1021, -1913
317, 1756, -1814
1092, 1686, 794
1145, 753, 1513
611, 1524, -1147
1042, 1997, -1502
1599, 1908, 1753
828, 971, 1998
828, 971, 1998
683, 1287, 1998
482, 1780, 1998
617, 1323, 1998
-,-,-
-46, -16, -1543
-68, 374, -1730
-68, 374, -1730
308, 696, -1403
680, 754, -761
637, 501, 248
173, 841, -712
648, 1556, -817
971, 1997, -445
1273, 1991, 1436
-,-,-
120, 1088, -1969
960, 1937, -1572
1710, 1300, 1174
1230, 684, 793
651, 1630, -1591
952, 1997, -1467
1539, 1997, 1396
1539, 1997, 1396
1631, 1258, 1998
658, 1219, 1998
147, 1997, 1377
876, 1780, 1985
528, 463, 1288
-,-,-
250, 110, -1845
442, 272, -1954
751, 623, -1942
785, 533, 329
513, 42, 1230
659, 147, -1400
531, 1355, -1997
851, 1992, 207
851, 1992, 207
568, 1066, 1998
238, 639, 1722
481, 1417, -75
514, 1984, 677
-,-,-
186, -145, -1397
313, -200, -1711
363, -203, -1989
363, -203, -1989
344, -115, -1563
324, -140, -353
421, -125, -530
737, 16, -811
571, 405, -1158
242, 993, -785
390, 1228, 521
612, 1349, 1029
919, 1676, 665
464, 1546, 1950
464, 1546, 1950
-123, 1204, 1998
-224, 1104, 1998
-,-,-
297, 63, -1987
297, 63, -1987
-85, 15, -1997
-191, 184, -1997
-42, 303, -1997
108, 487, -1997
257, 830, -1997
858, 1295, -1722
1449, 1388, -106
1319, 1183, 785
554, 1096, 1601
134, 1325, 983
209, 1939, 44
209, 1939, 44
589, 1997, 1409
991, 1586, 1998
-,-,-
579, 362, -1964
698, 730, -1997
914, 1417, -1934
1310, 1355, 747
933, 428, 1789
639, 617, -389
639, 617, -389
784, 1718, -1726
1199, 1997, 539
664, 1452, 1998
-224, 786, 1998
-82, 1390, 1512
381, 1618, 1214
579, 1276, 1998
646, 410, 1998
-,-,-
214, 906, -1966
881, 1495, -1997
1634, 1645, -304
1166, 933, 1746
782, 684, 295
782, 684, 295
492, 1867, -1954
1130, 1997, -503
1726, 1997, 1900
1203, 1290, 1998
159, 1614, 1997
407, 1997, 1360
773, 1605, 1962
589, 782, 1998
102, 710, 1998
-359, 1080, 1998
-,-,-
454, 1245, -1926
1101, 1532, -1247
1193, 1725, 218
848, 1435, 1363
834, 1612, 668
841, 1875, 1364
953, 1682, 1998
953, 1682, 1998
649, 1447, 1998
641, 1324, 1998
157, 1020, 1998
-249, 988, 1998
-372, 1029, 1998
-328, 837, 1998
-199, 730, 1998
-29, 711, 1998
171, 876, 1998
-,-,-
497, 1156, -1933
1021, 1657, -1300
1402, 1195, 1160
761, 953, 55
646, 1860, -1965
1208, 1997, -193
1404, 1937, 1998
911, 1079, 1998
665, 1428, 1989
450, 1750, 1847
450, 1750, 1847
500, 1306, 1998
-,-,-
215, 780, -1949
791, 1109, -1997
1198, 1852, -1981
1891, 1908, 533
1702, 1908, 1998
1702, 432, 1998
835, 359, -145
162, 1678, -1968
834, 1997, -646
1299, 1936, 1900
-83, 955, 1998
-819, 1597, 1975
72, 1890, 1301
436, 1107, 1998
86, 369, 1998
-301, 241, 1998
-,-,-
296, 790, -1953
675, 1595, -1936
1335, 1875, 325
841, 656, 1957
841, 656, 1957
321, 845, -1053
325, 1930, -1675
810, 1997, 415
1244, 1770, 1998
596, 952, 1998
-118, 1809, 1717
-404, 1823, 1671
-136, 1084, 1998
213, 446, 1998
-,-,-
-412, 1259, 1998
-358, 1236, 1832
188, 932, 1998
116, 1147, 1998
-126, 1590, 1998
-,-,-
484, 427, -1997
606, 843, -1822
647, 1132, -506
453, 855, 548
703, 1143, -1013
1092, 1872, -177
870, 1550, 1918
548, 925, 1998
265, 1254, 1560
348, 1536, 1289
348, 1536, 1812
-,-,-
257, -184, -1628
582, 181, -1989
906, 505, -1293
906, 505, -1293
797, 441, 301
787, 410, -155
874, 1210, -1489
1186, 1988, -686
1127, 1955, 1464
70, 1083, 1998
-226, 1222, 1844
300, 1722, 752
355, 1529, 1668
349, 1000, 1998
-,-,-
188, -7, -1667
107, 61, -1442
-46, 226, -1652
144, 472, -1729
144, 472, -1729
1079, 819, -1593
1327, 1379, -883
1115, 1265, 1118
389, 693, 1797
650, 1416, -661
873, 1997, -652
1134, 1997, 1303
-,-,-
121, 121, -1919
-230, 655, -1997
49, 1017, -1882
49, 1017, -1882
748, 1032, -1294
779, 1145, -981
871, 1695, -922
1028, 1982, 585
1001, 1918, 1831
849, 1789, 1996
634, 1775, 1998
377, 1629, 1998
-,-,-
-10, 467, -1997
90, 783, -1955
789, 1369, -1991
1261, 1855, -1105
847, 1605, 1410
95, 1264, 1125
631, 1953, -1534
1416, 1997, 513
1288, 1988, 1998
555, 1288, 1998
244, 1659, 1930
721, 1790, 1497
857, 1148, 1998
552, 466, 1998
552, 466, 1998
-,-,-
-72, 1227, 1020
274, 737, 1681
-,-,-
245, 388, -1997
293, 732, -1923
671, 1075, -1964
1110, 1312, -874
1018, 1326, 740
412, 652, 1559
471, 1225, -921
1011, 1970, -538
1082, 1979, 1726
441, 958, 1998
184, 716, 1998
-218, 1215, 1850
-,-,-
59, 535, -1997
-7, 731, -1972
139, 1197, -1997
826, 1595, -1981
1692, 1729, -964
1418, 1615, 641
740, 934, 1895
752, 1065, 164
1005, 1908, -715
1115, 1997, 1265
-,-,-
216, -292, -1966
-281, 166, -1805
-403, 224, -1128
507, 241, -1627
1185, 646, -1997
836, 1577, -1153
874, 1196, 1822
786, 828, 1571
373, 1660, 6
373, 1660, 6
604, 1997, 918
821, 1416, 1998
284, 656, 1998
-199, 1220, 1998
76, 1286, 1998
-,-,-
13, -143, -1997
-43, 26, -1990
8, 137, -1997
-11, 317, -1996
394, 595, -1997
895, 1239, -1952
811, 1758, -265
1226, 1529, 755
1226, 1529, 755
1165, 1836, 173
817, 1997, 1619
686, 1997, 1998
624, 1987, 1998
500, 1669, 1998
281, 1330, 1998
316, 1199, 1998
265, 939, 1998
41, 717, 1998
-,-,-
93, 61, -1952
93, 61, -1952
82, 362, -1997
527, 592, -1997
863, 956, -1859
567, 1577, -1159
626, 1962, -78
662, 1983, 753
1000, 1984, 1324
973, 1711, 1998
973, 1711, 1998
590, 1736, 1998
-,-,-
347, -105, -1989
560, 66, -1982
594, 280, -1997
684, 589, -1908
989, 1000, -1437
1123, 1170, 106
810, 1245, 1035
260, 1474, 1165
260, 1474, 1165
195, 1875, 1135
390, 1856, 1976
547, 1980, 1983
-,-,-
488, -125, -1962
419, 107, -1997
254, 478, -1997
254, 478, -1997
681, 894, -1959
1254, 1130, -1000
1304, 1517, -503
1231, 1940, 373
777, 1975, 1795
409, 1983, 1865
209, 1997, 1793
292, 1997, 1971
512, 1857, 1998
-,-,-
204, 437, -1997
70, 698, -1984
470, 1163, -1997
1493, 1537, -1072
1389, 984, 1676
634, 532, 1246
497, 1383, -1311
573, 1997, -516
864, 1997, 1803
656, 1296, 1998
89, 1203, 1998
-306, 1737, 1898
-306, 1737, 1898
-,-,-
169, 157, -1997
239, 494, -1963
642, 857, -1997
1290, 1123, -1335
1244, 1441, -444
1056, 1579, 687
480, 1273, 1983
9, 1663, 1084
537, 1997, 903
-,-,-
63, -117, -1991
245, -65, -1997
382, 71, -1997
588, 303, -1997
774, 595, -1988
540, 587, -711
540, 587, -711
255, 668, -614
648, 1475, -1957
770, 1997, -1130
655, 1972, 1927
338, 1107, 1998
0, 1387, 1998
-65, 1740, 1998
455, 1125, 1998
258, 358, 1998
258, 358, 1998
-,-,-
337, 224, -1997
197, 500, -1982
202, 818, -1997
1051, 1256, -1997
1889, 1608, -710
1186, 1248, 1888
441, 850, 1979
508, 1248, 219
501, 1972, 348
668, 1997, 1846
-,-,-
445, 725, -1973
928, 1100, -1997
1518, 1883, -1515
1266, 1916, 1490
770, 1172, 1998
721, 1350, 932
721, 1350, 932
679, 1963, 442
-,-,-
689, 1764, -1859
1230, 1993, -198
1626, 1764, 1754
581, 824, 1998
108, 945, 651
347, 1619, 973
347, 1619, 973
377, 1931, 1902
628, 901, 1998
-,-,-
604, 921, -1997
533, 1546, -1997
1078, 1996, -1997
1970, 1997, 132
1638, 1702, 1998
1068, 1023, 1757
909, 1286, 1689
346, 1645, 1998
346, 1645, 1998
443, 1756, 1970
-,-,-
389, 200, -1996
372, 463, -1997
136, 1064, -1997
767, 1817, -1997
1713, 1984, -442
1254, 1577, 1924
639, 1579, 1093
561, 1993, 472
561, 1993, 472
691, 1997, 1686
691, 1920, 1998
-,-,-
-265, -238, -1964
-46, -168, -1997
118, -110, -1997
8, 200, -1997
280, 476, -1891
703, 502, -1324
844, 610, -967
844, 610, -967
1143, 793, -646
1186, 1347, -175
860, 1692, 1194
586, 1557, 1998
527, 1485, 1998
174, 1639, 1998
-,-,-
-103, -65, -1989
76, 158, -1997
-115, 587, -1997
-85, 1133, -1997
1035, 1280, -1256
1367, 850, 875
1367, 850, 875
744, 1007, 656
620, 1865, -233
882, 1995, 1678
300, 1411, 1998
231, 890, 1998
50, 898, 1998
212, 627, 1998
-,-,-
830, 560, -1997
871, 1069, -1997
1079, 1794, -1997
1904, 1997, -491
1620, 1485, 1998
682, 940, 1499
682, 940, 1499
645, 1501, 195
683, 1997, 1035
340, 1716, 1998
194, 699, 1998
-137, 833, 1998
-459, 808, 1998
-384, 567, 1998
-,-,-
-37, -208, -1966
348, -75, -1959
751, 48, -1997
985, 353, -1997
1193, 996, -1997
1301, 1365, -1025
988, 1647, -527
1145, 1983, -614
1268, 1997, 1298
577, 1997, 1998
228, 1780, 1998
56, 1821, 1998
395, 1418, 1998
433, 900, 1998
433, 900, 1998
69, 540, 1998
-,-,-
-79, 557, -1980
183, 982, -1997
1118, 1473, -1153
1401, 998, 1551
641, 730, 1624
430, 1073, -919
430, 1073, -919
903, 1939, -938
-,-,-
348, -9, -1984
-55, 307, -1997
22, 715, -1997
22, 715, -1997
983, 1091, -1531
1309, 1320, 156
943, 1226, 1001
865, 1417, 702
452, 1685, 1635
18, 1928, 1915
818, 1581, 1998
620, 1090, 1998
105, 1097, 1998
174, 718, 1998
174, 718, 1998
-,-,-
381, -161, -1964
481, 15, -1997
481, 15, -1997
513, 482, -1997
750, 849, -699
581, 639, 1200
667, 606, 1
866, 1180, -524
317, 1906, 707
317, 1906, 707
378, 1645, 1994
309, 819, 1998
-68, 756, 1998
-128, 622, 1998
-,-,-
49, 187, -1997
209, 607, -1981
602, 1111, -1918
912, 1535, -303
929, 1094, 1746
779, 644, 1533
523, 1163, 231
473, 1737, 1104
768, 1552, 1956
768, 1552, 1956
523, 816, 1998
130, 745, 1998
-,-,-
112, 539, -1997
112, 539, -1997
88, 737, -1997
585, 1219, -1997
1517, 1599, -1355
1672, 1204, 1198
1116, 475, 1446
828, 925, -266
690, 1771, -211
902, 1997, 892
853, 1746, 1998
215, 750, 1998
-201, 1363, 1998
-,-,-
142, 139, -1588
-499, 6, -1997
-556, 122, -1997
-189, 413, -1997
225, 812, -1997
1039, 990, -1820
1419, 730, 264
808, 676, 416
578, 1117, -128
461, 1602, 593
461, 1602, 593
457, 1709, 1752
461, 1248, 1998
149, 820, 1998
49, 715, 1998
56, 486, 1998
-,-,-
99, -63, -1997
48, 76, -1997
61, 203, -1997
119, 387, -1997
572, 829, -1997
1198, 1310, -1431
1438, 1174, 1149
1089, 295, 1998
522, 329, 394
522, 329, 394
488, 1297, -1182
412, 1997, 685
159, 1195, 1998
148, 553, 1998
232, 820, 1998
-146, 782, 1998
-,-,-
933, 295, -1996
932, 865, -1997
878, 1718, -1602
1113, 1482, 1092
1235, 636, 1856
634, 836, 654
634, 836, 654
310, 1518, 605
449, 1968, 1186
673, 1442, 1996
-1, 902, 1998
-287, 1073, 1998
-23, 823, 1998
158, 441, 1998
-,-,-
180, 347, -1950
362, 716, -1997
362, 716, -1997
824, 1644, -1997
1452, 1993, -1120
1748, 1554, 1212
1334, 1174, 724
541, 1866, -904
930, 1997, 878
1170, 1771, 1998
905, 1381, 1998
270, 1535, 1998
-5, 1557, 1998
-,-,-
-70, 459, -1949
-105, 596, -1654
-105, 596, -1654
158, 867, -1997
389, 1002, -1997
232, 1521, -1997
1125, 1994, -1876
1736, 1996, 148
1610, 1701, 821
1303, 1949, 74
1090, 1997, 781
1015, 1997, 1705
995, 1664, 1998
386, 1265, 1998
-,-,-
721, 453, -1997
211, 580, -1997
-269, 743, -1997
-137, 946, -1997
524, 1072, -1997
894, 1321, -1959
1378, 1804, -1158
1539, 1785, 1506
305, 1223, 1907
107, 1689, 294
600, 1997, 176
914, 1980, 1786
942, 1169, 1998
942, 1169, 1998
-382, 1557, 1998
-681, 1726, 1998
0, 858, 1998
-,-,-
-27, 611, -1992
331, 962, -1997
948, 1728, -1997
1907, 1997, -520
1764, 1360, 1998
525, 474, 1942
525, 474, 1942
148, 997, 187
257, 1606, 762
109, 1966, 1928
1355, 850, 1998
831, 353, 1998
-56, 998, 1998
593, 595, 1959
593, 595, 1959
-,-,-
998, 1021, -1994
998, 1021, -1994
1339, 1752, -1997
1951, 1997, -748
1786, 1964, 1597
215, 1144, 1998
-47, 1187, 1096
487, 1887, 546
861, 1968, 1822
551, 874, 1998
-782, 888, 1998
-1049, 1240, 1998
-,-,-
411, -233, -1997
324, -194, -1996
295, 24, -1997
275, 542, -1997
482, 999, -1912
588, 1240, -758
771, 1657, -725
1153, 1993, 702
552, 1635, 1998
-105, 1434, 1998
40, 1387, 1998
109, 1477, 1998
109, 1477, 1998
108, 986, 1998
-126, 554, 1998
-288, 566, 1998
-77, 751, 1992
-,-,-
212, 260, -1997
69, 588, -1997
237, 1248, -1997
865, 1965, -1997
1903, 1997, -987
1889, 1764, 1945
677, 1260, 1606
677, 1260, 1606
-87, 1886, 1079
-142, 1997, 1944
1225, 1724, 1998
1277, 641, 1998
89, 1046, 1998
-401, 1268, 1998
141, 801, 1998
-,-,-
534, 1019, -1997
865, 1831, -1996
1733, 1997, -551
1735, 1712, 1986
786, 1025, 1631
-248, 1886, -318
226, 1997, 1648
1229, 1441, 1998
804, 663, 1998
-544, 1289, 1998
-464, 1260, 1998
438, 590, 1998
898, 475, 1998
1009, 646, 1998
-,-,-
263, 419, -1986
489, 858, -1997
1004, 1775, -1997
1836, 1997, -932
1810, 1723, 1950
998, 967, 1704
998, 967, 1704
131, 1875, -690
337, 1997, 1102
942, 1988, 1998
762, 1272, 1998
-349, 1522, 1998
-468, 1702, 1998
149, 1072, 1998
-,-,-
41, 771, -1997
16, 1269, -1997
669, 1927, -1997
1890, 1997, -879
1997, 1948, 1827
1198, 1268, 1978
342, 1690, 770
302, 1997, 1168
1125, 1960, 1998
1241, 853, 1998
-50, 1288, 1998
-350, 1485, 1998
103, 1014, 1998
416, 761, 1998
-,-,-
-114, 197, -1980
-114, 197, -1980
-143, 651, -1997
289, 1314, -1997
744, 1759, -1545
1330, 1640, -19
1352, 1857, -1054
1823, 1997, -1237
1586, 1997, 1905
789, 1732, 1998
-123, 1813, 1998
194, 1997, 1634
1167, 1776, 1998
-,-,-
351, 325, -1991
15, 568, -1997
-2, 799, -1997
209, 996, -1997
500, 1515, -1997
500, 1515, -1997
1047, 1994, -1986
1682, 1997, -740
1654, 1955, 1953
690, 1660, 1909
775, 1995, 114
778, 1997, 1047
1146, 1960, 1998
480, 1096, 1998
-546, 1883, 1998
-89, 1748, 1998
148, 847, 1998
-,-,-
539, 414, -1960
1117, 865, -1997
1656, 1783, -1847
1591, 1963, 951
1352, 1043, 1964
809, 1345, -37
914, 1997, -1738
1354, 1997, 1305
929, 1647, 1998
929, 1647, 1998
90, 1241, 1998
40, 1989, 1879
-,-,-
151, 345, -1997
174, 485, -1997
179, 743, -1997
411, 1067, -1997
877, 1469, -1997
1891, 1944, -1720
1997, 1967, 521
1264, 1274, 1991
614, 1400, 1391
816, 1883, 969
810, 1984, 1855
549, 1085, 1998
33, 867, 1998
-28, 1014, 1998
-28, 1014, 1998
-,-,-
57, 46, -1996
240, 169, -1997
219, 438, -1997
280, 904, -1997
280, 904, -1997
763, 1555, -1985
1331, 1994, -1068
1463, 1730, 1626
973, 1361, 1243
310, 1942, -245
742, 1997, 1575
1396, 1819, 1998
1295, 1174, 1998
-,-,-
878, 70, -1997
1019, 190, -1993
1044, 436, -1997
956, 958, -1997
1284, 1281, -848
991, 1446, -300
821, 1957, -668
701, 1997, 773
357, 1994, 1998
178, 1730, 1998
270, 1667, 1998
423, 1509, 1998
423, 1509, 1998
-,-,-
264, 622, -1992
462, 1000, -1997
496, 1734, -1997
1156, 1997, -1951
1789, 1997, 871
1437, 1997, 1652
1275, 1997, 1013
262, 1997, 1776
629, 1985, 1998
1002, 1326, 1998
-86, 1194, 1998
-86, 1194, 1998
-659, 1045, 1998
-243, 722, 1998
151, 700, 1998
-,-,-
290, 16, -1997
254, 173, -1997
357, 367, -1997
570, 878, -1997
832, 1831, -1997
1572, 1997, -550
1468, 1997, 1449
1222, 1745, 1998
-154, 1964, 1654
158, 1997, 1819
1050, 1797, 1998
587, 1076, 1998
-396, 1301, 1998
-68, 1130, 1998
-68, 1130, 1998
-,-,-
-129, 563, -1996
102, 1112, -1997
1008, 1925, -1997
1953, 1997, -476
1790, 1719, 1929
385, 1277, 1811
385, 1277, 1811
-76, 1793, 1166
458, 1848, 1943
1121, 1002, 1998
1104, 435, 1998
179, 546, 1998
-345, 608, 1998
164, 408, 1998
-,-,-
66, 0, -1997
81, 400, -1997
151, 936, -1997
816, 1857, -1997
1407, 1997, -188
1469, 1703, 1716
641, 1664, 1001
540, 1997, 1012
1167, 1846, 1998
1167, 1846, 1998
1071, 1308, 1998
629, 947, 1998
-244, 1131, 1998
47, 853, 1998
433, 520, 1998
459, 527, 1998
-,-,-
-160, 396, -1991
290, 856, -1997
892, 1466, -1573
1143, 1952, -95
1145, 1513, 1933
925, 1213, 1550
432, 1677, 1360
432, 1677, 1360
514, 1716, 1857
909, 819, 1998
269, 829, 1998
-86, 1229, 1998
154, 877, 1998
293, 633, 1998
374, 566, 1937
403, 483, 1771
403, 483, 1771
385, 491, 1703
-,-,-
-228, -169, -1997
-140, 65, -1997
-70, 533, -1997
549, 947, -1919
1008, 1602, -1286
827, 1614, 1459
467, 743, 1888
599, 1237, 85
314, 1812, 1352
855, 1229, 1998
855, 1229, 1998
827, 558, 1998
145, 895, 1998
33, 1023, 1998
303, 656, 1998
340, 517, 1998
-,-,-
-237, 155, -1997
24, 484, -1997
232, 1046, -1997
934, 1802, -1792
1152, 1952, 487
1433, 1276, 1709
964, 862, 1563
103, 1482, 919
103, 1482, 919
458, 1919, 1204
927, 1641, 1969
-,-,-
87, 123, -1997
91, 190, -1997
177, 336, -1997
159, 696, -1642
683, 986, -270
613, 684, 818
239, 1019, -535
239, 1019, -535
736, 1847, -898
806, 1997, 550
1021, 1908, 1990
826, 1297, 1998
358, 1726, 1998
236, 1306, 1998
140, 728, 1998
449, 440, 1998
532, 571, 1996
511, 545, 1998
-,-,-
-60, 3, -1997
25, 414, -1997
25, 414, -1997
335, 1237, -1997
1041, 1788, -598
1667, 1186, 1725
1358, 238, 1998
489, 530, 1232
189, 931, 1086
44, 1122, 1752
671, 516, 1998
547, 164, 1998
56, 583, 1998
56, 583, 1998
-122, 782, 1998
-,-,-
133, 420, -1997
67, 765, -1997
619, 1871, -1863
1287, 1997, 505
1387, 1493, 1879
1263, 891, 1647
1263, 891, 1647
897, 1460, 310
623, 1827, 1772
-,-,-
-232, -277, -1997
-498, -80, -1997
-416, 336, -1997
567, 699, -1475
1053, 405, 962
1053, 405, 962
573, 333, -58
544, 901, -857
604, 1669, -407
677, 1853, 1205
1056, 1065, 1998
1073, 855, 1998
284, 1331, 1998
-71, 1110, 1998
215, 571, 1998
215, 571, 1998
409, 472, 1998
-,-,-
-253, -340, -1995
-223, -187, -1997
-341, 261, -1997
166, 1080, -1783
772, 1093, 40
772, 1093, 40
1256, 693, 1139
929, 607, 1067
213, 1223, 549
440, 1535, 1215
830, 1346, 1996
-,-,-
131, 527, -1997
298, 1141, -1997
1275, 1958, -1845
1982, 1997, 401
1526, 1145, 1998
948, 792, 1085
670, 1698, -323
603, 1997, 934
765, 1526, 1998
445, 752, 1998
-216, 1432, 1998
-239, 1328, 1998
63, 798, 1998
63, 798, 1998
364, 612, 1998
-,-,-
-355, -316, -1997
-619, -39, -1992
-455, 280, -1997
528, 818, -1997
1444, 1391, -1477
1280, 1396, 721
607, 1039, 1448
753, 1484, 6
755, 1991, 466
1143, 1846, 1908
995, 1087, 1998
-34, 1355, 1998
-34, 1355, 1998
-423, 1516, 1998
-11, 1051, 1998
-,-,-
-208, -414, -1974
-342, -378, -1997
-406, 48, -1997
-81, 618, -1997
1003, 832, -1348
1077, 662, 120
823, 829, 405
823, 829, 405
573, 1263, 343
546, 1881, 371
668, 1820, 1783
429, 1181, 1998
78, 1289, 1998
204, 1256, 1998
103, 802, 1998
103, 802, 1998
-,-,-
-215, 367, -1997
193, 576, -1997
550, 1363, -1997
550, 1363, -1997
1163, 1997, -1901
1623, 1978, 978
1526, 743, 1998
363, 972, 298
-430, 1974, -589
386, 1990, 1682
655, 1237, 1998
429, 960, 1998
-259, 1343, 1998
-314, 1058, 1998
56, 518, 1998
-,-,-
208, -165, -1997
204, -108, -1997
9, 209, -1997
-97, 1016, -1997
628, 1942, -1996
1423, 1991, 330
1545, 955, 1998
417, 1260, 768
41, 1997, 193
41, 1997, 193
567, 1997, 1924
927, 1237, 1998
329, 1019, 1998
-126, 1385, 1998
89, 968, 1998
266, 645, 1998
-,-,-
-75, -156, -1997
47, 50, -1997
65, 494, -1997
575, 1000, -1698
700, 1524, -873
880, 1728, 684
806, 1193, 1998
461, 1218, 1665
216, 1600, 1640
29, 1714, 1998
29, 1714, 1998
464, 1381, 1998
769, 805, 1998
415, 828, 1998
248, 825, 1998
172, 697, 1998
-,-,-
126, -277, -1997
259, -203, -1997
205, 120, -1997
-10, 826, -1997
-10, 826, -1997
564, 1554, -1481
896, 1764, -115
1128, 1402, 1436
630, 1647, 1105
580, 1875, 1938
695, 1791, 1998
486, 1321, 1998
-129, 1019, 1998
-31, 976, 1998
229, 877, 1998
322, 678, 1998
135, 685, 1996
-,-,-
106, -150, -1997
96, 17, -1997
78, 541, -1997
78, 541, -1997
220, 1418, -1997
949, 1993, -1253
1662, 1913, 937
1103, 1424, 1918
380, 1796, 1084
162, 1997, 1661
316, 1835, 1998
405, 1184, 1998
175, 1018, 1998
-,-,-
11, -354, -1989
124, -340, -1993
106, -257, -1997
254, 53, -1997
394, 512, -1767
691, 990, -824
1086, 1008, 705
962, 877, 1522
962, 877, 1522
308, 1048, 1557
-35, 1471, 1137
67, 1727, 1436
536, 1430, 1998
552, 961, 1998
315, 996, 1998
-,-,-
-206, -68, -1997
-49, 27, -1997
-202, 405, -1997
118, 1186, -1997
853, 1888, -1163
1157, 1622, 1166
1001, 1161, 1591
415, 1258, 1487
420, 1562, 1632
705, 1536, 1983
705, 1536, 1983
536, 1029, 1998
218, 743, 1998
16, 836, 1998
248, 739, 1998
510, 516, 1998
539, 473, 1998
-,-,-
-424, -123, -1997
-278, 167, -1997
-86, 752, -1997
-86, 752, -1997
722, 1606, -1545
1269, 1453, 830
1160, 776, 1784
657, 1091, 331
106, 1879, 763
510, 1578, 1998
929, 935, 1998
574, 925, 1998
226, 931, 1998
226, 931, 1998
53, 909, 1998
325, 620, 1998
541, 581, 1998
444, 720, 1998
380, 658, 1998
-,-,-
-82, 148, -1995
108, 421, -1996
440, 991, -1839
1144, 1338, -290
1298, 1281, 245
1134, 1629, 536
1004, 1427, 1753
155, 1353, 1918
-55, 1467, 1952
250, 1581, 1966
250, 1581, 1966
790, 1151, 1998
697, 783, 1998
234, 786, 1998
-85, 955, 1998
17, 833, 1998
342, 538, 1998
-,-,-
-136, -74, -1997
-33, 103, -1985
101, 500, -1997
632, 987, -1943
975, 1545, -1162
1298, 1694, 728
1380, 1141, 1812
806, 1258, 1042
-33, 1764, 1056
222, 1997, 1192
954, 1832, 1893
791, 1148, 1998
791, 1148, 1998
239, 1351, 1998
10, 1510, 1998
56, 1116, 1998
123, 817, 1998
294, 737, 1998
310, 801, 1998
307, 1072, 1998
-,-,-
-98, 288, -1997
100, 410, -1997
314, 821, -1997
842, 1740, -1997
1483, 1997, -661
1488, 1846, 1493
1153, 1196, 1504
707, 1716, 628
555, 1990, 1734
624, 1585, 1998
335, 1229, 1998
335, 1229, 1998
-331, 1234, 1998
-224, 1110, 1998
277, 697, 1998
390, 474, 1998
262, 518, 1998
80, 662, 1867
-,-,-
-308, 897, -1997
655, 1907, -1870
1500, 1977, 127
1499, 1332, 1894
759, 1213, 1171
319, 1935, 125
632, 1975, 1646
821, 1276, 1998
337, 1002, 1998
-319, 1333, 1998
-124, 1033, 1998
275, 645, 1998
275, 645, 1998
530, 559, 1998
400, 724, 1866
527, 623, 1753
562, 519, 1998
-,-,-
-25, 1, -1997
81, 184, -1997
-25, 595, -1997
308, 1215, -1728
934, 1555, -296
1318, 1464, 761
953, 1225, 1245
241, 1550, 1178
233, 1803, 1303
233, 1803, 1303
838, 1556, 1898
738, 987, 1998
226, 1179, 1998
-127, 1228, 1998
-157, 907, 1998
196, 648, 1998
340, 666, 1998
294, 726, 1958
-,-,-
26, 68, -1997
92, 294, -1997
42, 712, -1997
442, 1208, -1860
907, 1417, -523
1265, 1426, -149
1295, 1596, 436
1295, 1596, 436
878, 1662, 1427
790, 1571, 1781
514, 1454, 1998
315, 1335, 1998
415, 1150, 1998
265, 784, 1998
354, 660, 1998
362, 617, 1998
198, 595, 1998
198, 595, 1998
177, 618, 1998
-,-,-
193, -343, -1997
-127, -217, -1997
-315, 212, -1996
-202, 545, -1327
292, 635, -568
292, 635, -568
440, 919, -904
422, 1826, -712
1000, 1661, 1488
854, 1136, 1967
636, 1288, 1998
632, 1536, 1998
685, 1286, 1998
577, 713, 1998
307, 544, 1998
307, 544, 1998
237, 753, 1998
-,-,-
-163, -117, -1997
-307, -57, -1997
-421, 352, -1997
90, 929, -1794
90, 929, 615
873, 714, 615
595, 293, 1091
533, 405, 430
77, 1136, -77
167, 1373, 1168
167, 1373, 1168
602, 994, 1932
691, 592, 1998
297, 954, 1998
178, 999, 1998
319, 673, 1998
446, 336, 1998
261, 540, 1998
-,-,-
-131, -8, -1997
-29, 113, -1997
3, 508, -1997
409, 969, -1951
536, 1541, -1407
822, 1702, 251
822, 1702, 251
1189, 1291, 1347
1004, 1462, 758
575, 1762, 1326
488, 1315, 1998
425, 841, 1998
254, 830, 1998
205, 639, 1998
330, 429, 1998
309, 555, 1998
309, 555, 1998
-,-,-
264, -182, -1997
243, 190, -1997
480, 948, -1997
843, 1597, -1372
1186, 1659, 536
1009, 1008, 1967
451, 835, 1998
451, 835, 1998
86, 890, 1998
-214, 982, 1998
-233, 833, 1998
-248, 547, 1998
-168, 533, 1998
-147, 492, 1998
35, 411, 1998
-,-,-
-130, 245, -1997
-122, 328, -1997
-328, 525, -1997
122, 914, -1997
901, 1550, -1898
1376, 1929, -157
1302, 1529, 1772
1153, 1121, 1753
858, 1302, 1625
411, 1650, 1811
383, 1509, 1998
650, 791, 1998
416, 585, 1998
416, 585, 1998
-148, 848, 1998
-101, 772, 1998
-,-,-
-457, -181, -1997
-422, -177, -1997
-416, 39, -1997
-29, 435, -1997
662, 926, -1767
1304, 1189, -137
1088, 742, 1821
516, 618, 1569
339, 940, 860
47, 1393, 1076
599, 1121, 1978
956, 497, 1998
956, 497, 1998
440, 692, 1998
25, 749, 1998
128, 519, 1998
382, 455, 1998
518, 480, 1984
692, 391, 1970
-,-,-
-350, -172, -1997
-263, -57, -1997
-2, 315, -1997
570, 935, -1955
1076, 1402, -930
1441, 1139, 1226
1057, 543, 1536
499, 940, 333
391, 1547, 863
1071, 1373, 1937
1422, 651, 1998
655, 729, 1998
655, 729, 1998
236, 808, 1998
358, 674, 1998
652, 511, 1998
642, 465, 1998
615, 501, 1973
-,-,-
-181, -205, -1997
36, -62, -1997
319, 388, -1997
710, 1178, -1997
1123, 1906, -1322
1798, 1828, 240
1997, 1618, 749
1458, 1635, 1943
602, 1635, 1998
356, 1309, 1998
149, 1087, 1998
437, 826, 1998
437, 826, 1998
411, 632, 1998
417, 539, 1998
-,-,-
247, -251, -1997
-7, 39, -1997
-29, 515, -1966
374, 804, -963
792, 776, 226
822, 767, 581
822, 767, 581
451, 1314, 221
298, 1494, 1561
-11, 1117, 1998
53, 1010, 1998
198, 1016, 1998
178, 805, 1998
109, 494, 1998
109, 494, 1998
153, 510, 1998
123, 620, 1998
-,-,-
-192, -86, -1997
-43, 199, -1997
47, 876, -1997
394, 1738, -1602
1112, 1707, 600
1613, 850, 1547
1240, 1091, 789
115, 1565, 1549
194, 1514, 1992
194, 1514, 1992
595, 1221, 1998
783, 893, 1998
554, 826, 1998
199, 734, 1998
-,-,-
-172, -70, -1983
-396, -97, -1997
-379, -81, -1997
-129, 204, -1997
411, 794, -1997
1041, 1351, -1624
1275, 1654, -564
1365, 1189, 1626
942, 1016, 1606
485, 1254, 1878
167, 1269, 1998
299, 1074, 1998
562, 753, 1998
455, 570, 1998
455, 570, 1998
401, 624, 1998
307, 642, 1998
-,-,-
-372, 82, -1997
-90, 619, -1997
518, 1023, -1283
977, 1184, -161
977, 1184, -161
1222, 1196, 809
619, 1099, 1979
159, 903, 1998
-84, 1005, 1789
116, 1192, 1656
528, 991, 1977
523, 590, 1998
-83, 901, 1998
-127, 748, 1998
-127, 748, 1998
-,-,-
-70, 134, -1997
-294, 20, -1997
-208, 77, -1997
-140, 452, -1997
22, 979, -1997
540, 1112, -772
892, 722, 882
858, 800, -160
432, 1666, -291
732, 1966, 1152
732, 1966, 1152
1044, 1263, 1998
723, 858, 1998
9, 1243, 1998
-56, 1164, 1998
275, 683, 1998
590, 496, 1998
500, 642, 1998
-,-,-
-266, -301, -1988
-429, -307, -1997
-451, -175, -1997
-362, 267, -1997
337, 702, -1997
1075, 1258, -1803
1605, 1222, 1033
795, 608, 1940
180, 962, 955
-131, 1543, 1088
455, 1530, 1916
852, 863, 1998
852, 863, 1998
542, 677, 1998
-45, 856, 1998
-137, 815, 1998
251, 686, 1998
556, 662, 1998
593, 624, 1950
-,-,-
322, -134, -1997
259, 302, -1997
354, 987, -1997
354, 987, -1997
823, 1587, -1425
1229, 1967, -188
1224, 1507, 1821
822, 1080, 1976
175, 1433, 1896
185, 1375, 1998
133, 1001, 1998
284, 581, 1998
34, 474, 1998
-272, 595, 1998
-252, 627, 1998
82, 475, 1998
82, 475, 1998
-,-,-
-287, -332, -1997
-438, -61, -1997
-416, 519, -1997
112, 1205, -1752
833, 1482, -371
1260, 841, 1785
1042, 704, 1261
1042, 704, 1261
362, 1217, 958
-5, 1448, 1647
467, 1274, 1963
688, 777, 1998
430, 924, 1998
203, 858, 1998
87, 716, 1998
87, 716, 1998
238, 684, 1998
-,-,-
-292, -298, -1997
-194, -140, -1997
-106, 359, -1997
473, 796, -1742
763, 1175, -772
1043, 998, 1129
730, 445, 1998
268, 623, 1826
268, 623, 1845
-151, 932, 1845
-225, 878, 1998
107, 600, 1998
183, 257, 1998
-85, 445, 1998
-207, 450, 1998
-,-,-
-347, 21, -1997
-299, 251, -1997
-299, 251, -1997
-20, 666, -1997
592, 1253, -1948
711, 1821, -1191
1033, 1997, -158
1625, 1590, 1904
718, 1029, 1998
-13, 1551, 1946
-30, 1697, 1998
278, 1313, 1998
512, 638, 1998
210, 612, 1998
-108, 938, 1998
219, 782, 1998
-,-,-
139, 103, -1997
139, 103, -1997
217, 248, -1997
226, 847, -1997
377, 1697, -1890
769, 1978, -333
1720, 1482, 1016
1558, 866, 1916
534, 1489, 997
-58, 1974, 1349
-126, 1643, 1998
105, 1007, 1998
7, 988, 1998
7, 988, 1998
-181, 957, 1998
-157, 729, 1998
-,-,-
-155, -167, -1997
39, -270, -1997
109, -29, -1997
43, 490, -1997
416, 1124, -1808
919, 1543, -771
1776, 1414, 624
1776, 1414, 624
1136, 1270, 1897
432, 1559, 1261
119, 1748, 1888
151, 1439, 1998
332, 1005, 1998
122, 999, 1998
-156, 987, 1998
-155, 785, 1998
58, 754, 1998
242, 814, 1960
-,-,-
28, -212, -1997
-91, -193, -1997
-186, 160, -1997
-33, 916, -1997
574, 1844, -1546
1550, 1710, 464
1883, 1131, 1680
600, 1648, 849
600, 1648, 849
33, 1997, 1219
292, 1751, 1998
602, 1181, 1998
614, 1150, 1998
272, 930, 1998
6, 848, 1998
218, 851, 1998
218, 851, 1998
582, 815, 1998
-,-,-
60, -117, -1997
101, -62, -1997
-51, 268, -1997
166, 1016, -1997
849, 1889, -1668
1711, 1682, 645
1716, 1033, 1940
516, 1322, 509
-53, 1985, 290
462, 1976, 1745
552, 1305, 1998
411, 1120, 1998
411, 1120, 1998
-12, 1222, 1998
-38, 869, 1998
201, 667, 1998
371, 751, 1997
-,-,-
-170, -99, -1997
-260, -165, -1997
-340, 199, -1997
4, 866, -1997
716, 1598, -1697
1363, 1670, 110
1429, 1166, 1859
827, 1148, 1837
37, 1496, 1973
-136, 1642, 1998
523, 1109, 1998
743, 527, 1998
219, 666, 1998
219, 666, 1998
-184, 689, 1998
-,-,-
107, -306, -1997
13, -56, -1997
42, 479, -1997
242, 1645, -1997
1328, 1997, -1929
1997, 1996, 889
1997, 1996, 889
1871, 1024, 1998
-296, 1686, 852
-380, 1997, 1515
817, 1567, 1998
1076, 512, 1998
501, 805, 1998
2, 823, 1998
-22, 582, 1998
230, 516, 1809
230, 516, 1809
355, 523, 1594
393, 451, 1400
-,-,-
-277, -454, -1759
-24, -425, -1993
-103, -21, -1997
-178, 891, -1997
276, 1783, -1962
1399, 1946, -160
1774, 1536, 1329
996, 1945, 685
233, 1997, 1926
251, 1817, 1998
770, 1191, 1998
546, 992, 1998
245, 732, 1998
107, 643, 1998
107, 643, 1998
-,-,-
213, -377, -1997
303, 30, -1997
17, 773, -1997
528, 1843, -1997
1080, 1997, -413
1918, 1480, 1867
624, 1603, 1195
-264, 1997, 1229
413, 1914, 1998
697, 822, 1998
455, 737, 1998
455, 737, 1998
-175, 759, 1998
-293, 547, 1998
14, 362, 1931
312, 263, 1855
292, 329, 1939
-,-,-
71, -358, -1911
28, -389, -1997
-44, -186, -1997
-44, -186, -1997
2, 181, -1997
502, 685, -1995
972, 1202, -1114
1163, 1089, 1377
634, 1107, 1036
313, 1706, 485
185, 1922, 1928
578, 1429, 1998
830, 889, 1998
-11, 933, 1998
-294, 890, 1998
-,-,-
-63, 62, -1997
-63, 62, -1997
-155, 270, -1997
-232, 910, -1997
44, 1819, -1997
1423, 1997, -876
1992, 1887, 1394
1701, 1642, 1849
-102, 1861, 1998
-515, 1743, 1998
113, 1397, 1998
130, 1075, 1998
182, 674, 1998
-,-,-
-67, -75, -1997
199, 91, -1997
55, 510, -1997
343, 1143, -1997
1169, 1883, -1932
1456, 1997, -477
1665, 1932, 1273
1665, 1932, 1273
926, 1820, 1624
141, 1997, 881
463, 1997, 1958
607, 1783, 1998
720, 1308, 1998
-,-,-
57, 263, -1997
-101, 245, -1997
311, 334, -1997
449, 704, -1997
449, 704, -1997
122, 1503, -1997
692, 1997, -1969
1902, 1997, 579
1849, 1627, 1998
563, 1759, 1331
370, 1997, 283
1034, 1997, 1688
981, 1585, 1998
386, 1301, 1998
27, 1308, 1998
-,-,-
697, -154, -1997
568, 3, -1997
342, 458, -1997
196, 1441, -1997
613, 1997, -1918
1738, 1997, 476
1817, 1294, 1998
310, 1675, 981
310, 1675, 981
25, 1997, 1099
433, 1997, 1990
720, 1653, 1998
488, 1300, 1998
39, 1414, 1998
92, 1227, 1998
-,-,-
155, 761, -1997
339, 1510, -1997
1119, 1995, -1691
1608, 1997, 501
1336, 1562, 1998
259, 1487, 1676
90, 1959, 1731
15, 1933, 1998
-,-,-
323, 459, -1997
323, 459, -1997
836, 1367, -1997
881, 1991, -1883
1139, 1997, 860
1870, 1647, 1998
768, 1723, 1269
-40, 1997, 1613
741, 1824, 1998
405, 1164, 1998
8, 880, 1998
-,-,-
217, -106, -1997
418, 330, -1997
234, 1355, -1997
622, 1995, -1692
1159, 1997, -27
1474, 1997, -801
1941, 1997, 1476
946, 1909, 1998
-34, 1876, 1998
-401, 1750, 1998
-36, 879, 1998
-36, 879, 1998
191, 391, 1998
42, 573, 1998
-146, 795, 1998
327, 640, 1998
-,-,-
670, 303, -1997
657, 888, -1997
815, 1858, -1997
1273, 1997, -1129
1598, 1985, 1794
1510, 1363, 1952
382, 1872, 832
382, 1872, 832
-323, 1997, 1924
181, 1580, 1998
127, 697, 1998
-757, 933, 1998
-843, 858, 1998
-,-,-
344, 666, -1997
464, 1282, -1997
677, 1974, -1964
1311, 1997, -502
1975, 1997, 1659
894, 1912, 1998
198, 1997, 1653
334, 1997, 1998
587, 1554, 1998
875, 565, 1998
69, 739, 1998
69, 739, 1998
-246, 737, 1998
-,-,-
-49, 16, -1997
-49, 16, -1997
37, 251, -1997
542, 508, -1997
661, 630, -1734
653, 1198, -1890
1197, 1587, -157
713, 1610, 1270
364, 1665, 1649
163, 1974, 1332
440, 1997, 1920
647, 1454, 1998
172, 779, 1998
172, 779, 1998
-314, 1070, 1998
-110, 910, 1998
-,-,-
283, 91, -1997
562, 1004, -1997
1493, 1880, -1995
1975, 1924, 875
803, 1117, 1998
109, 1394, 1738
85, 1453, 1998
347, 946, 1998
154, 470, 1998
-561, 452, 1998
-561, 452, 1998
-581, 371, 1998
-,-,-
-102, -149, -1997
177, 162, -1997
332, 758, -1997
1004, 1435, -1996
1382, 1939, -1205
1877, 1997, 137
1209, 1950, 1992
301, 1725, 1998
301, 1725, 1998
286, 1328, 1998
0, 897, 1998
37, 572, 1998
-183, 262, 1998
-289, 152, 1998
-274, 311, 1998
-,-,-
-107, -129, -1951
390, -134, -1994
650, -103, -1997
66, 289, -1997
-285, 1077, -1997
563, 1780, -1784
1731, 1989, -248
1730, 1715, 1852
576, 1585, 1975
150, 1259, 1998
461, 1156, 1998
546, 676, 1998
537, 350, 1998
537, 350, 1998
250, 344, 1998
21, 402, 1998
337, 430, 1998
-,-,-
172, -118, -1997
196, 16, -1997
196, 16, -1997
532, 232, -1997
588, 573, -1933
611, 1273, -1748
1001, 1795, -507
1169, 1577, 1531
805, 1120, 1906
805, 1447, 1456
922, 1309, 1998
919, 846, 1998
681, 477, 1998
547, 346, 1998
547, 346, 1998
-,-,-
358, 145, -1997
478, 301, -1997
422, 739, -1997
731, 1584, -1997
1329, 1996, -832
1616, 1802, 1529
1401, 1002, 1998
345, 1235, 1602
99, 1527, 1844
213, 1397, 1998
452, 776, 1998
452, 776, 1998
231, 521, 1998
-392, 763, 1998
31, 731, 1998
663, 674, 1998
-,-,-
9, -51, -1997
-61, 374, -1997
60, 977, -1997
877, 1563, -1867
1582, 1992, -448
1582, 1992, -448
1383, 1561, 1895
767, 774, 1998
18, 777, 1998
-227, 858, 1998
211, 444, 1998
303, -73, 1998
84, 94, 1998
-307, 300, 1998
-307, 300, 1998
-,-,-
-138, -280, -1986
120, -84, -1997
460, 285, -1997
628, 798, -1858
628, 798, -1858
725, 1520, -1043
986, 1559, 652
1157, 1230, 1823
654, 1207, 1998
-4, 1549, 1990
-195, 1320, 1998
-180, 811, 1998
-175, 687, 1998
-216, 588, 1998
-356, 620, 1998
-155, 571, 1991
-,-,-
-18, -537, -1923
288, -534, -1997
204, -216, -1997
60, 460, -1997
60, 460, -1997
146, 905, -1142
317, 1013, 110
754, 1232, 110
721, 1752, 428
488, 1911, 1754
98, 1632, 1998
229, 1457, 1998
332, 1211, 1998
332, 1211, 1998
320, 803, 1998
148, 578, 1998
-47, 612, 1998
-,-,-
-270, -356, -1997
-164, -271, -1997
-326, -4, -1997
3, 415, -1997
484, 809, -1478
838, 1123, -662
1145, 1150, 679
876, 1059, 1547
354, 1271, 1561
354, 1271, 1561
159, 1245, 1998
183, 1100, 1998
373, 725, 1998
264, 412, 1998
-59, 467, 1998
-,-,-
126, -338, -1997
258, -346, -1997
359, -266, -1997
345, 262, -1997
651, 864, -1996
1024, 1588, -1612
1648, 1933, 333
1486, 1478, 1998
217, 1389, 1998
-497, 1624, 1998
-172, 1450, 1998
309, 871, 1998
351, 466, 1998
-49, 514, 1998
-213, 756, 1998
-,-,-
111, 219, -1793
119, -22, -1997
138, 55, -1997
97, 382, -1997
97, 382, -1997
141, 1025, -1997
870, 1535, -1259
1351, 1132, 1124
1068, 1072, 354
410, 1840, -242
380, 1980, 1637
542, 1355, 1998
110, 1039, 1998
-315, 886, 1998
-536, 505, 1998
-298, 361, 1998
-,-,-
13, -379, -1997
176, -244, -1997
107, 216, -1997
214, 1047, -1997
982, 1632, -1318
1904, 1547, 718
1904, 1547, 718
1745, 1377, 1997
104, 1667, 1998
-456, 1621, 1998
99, 1161, 1998
702, 585, 1998
358, 561, 1998
-159, 640, 1998
-216, 600, 1992
-,-,-
-202, -249, -1997
85, 163, -1997
322, 1200, -1997
1123, 1995, -1857
1975, 1812, 1059
1266, 667, 1998
-,-,-
-363, -329, -1562
-171, -43, -1594
248, 197, -1692
608, 514, -1445
390, 1191, -1511
667, 1347, 439
1147, 1141, 1199
615, 1268, 1411
93, 1483, 1856
388, 1208, 1998
398, 904, 1998
398, 904, 1998
13, 809, 1998
50, 723, 1998
351, 431, 1998
-,-,-
-72, -177, -1997
39, 0, -1997
39, 0, -1997
179, 274, -1995
433, 619, -1696
561, 998, -874
727, 923, 1118
604, 750, 1484
633, 750, 1183
633, 868, 1183
-59, 1371, 1114
207, 1175, 1884
171, 674, 1998
237, 546, 1998
67, 519, 1998
128, 384, 1998
-,-,-
27, 37, -1994
419, 433, -1997
419, 433, -1997
656, 942, -1192
415, 1018, 507
609, 794, 1063
738, 707, 1203
244, 897, 1744
15, 1193, 1525
389, 1104, 1807
295, 563, 1998
295, 563, 1998
-67, 481, 1998
-,-,-
-220, -339, -1850
-59, -231, -1879
105, 95, -1751
473, 537, -1560
1072, 869, -427
861, 662, 1569
861, 662, 1569
222, 289, 1998
134, 394, 1653
-145, 637, 1573
67, 537, 1872
264, 68, 1998
163, 63, 1994
163, 63, 1994
127, 267, 1581
-19, 331, 1494
72, 151, 1928
-,-,-
-136, 22, -1997
-74, 162, -1969
-76, 400, -1997
375, 978, -1997
1108, 1620, -1600
1469, 1421, 537
1268, 655, 1832
676, 1032, -310
246, 1937, -633
763, 1958, 1580
972, 948, 1998
972, 948, 1998
280, 1055, 1998
-114, 939, 1998
-174, 449, 1998
128, 371, 1998
-,-,-
-17, 238, -1997
-17, 238, -1997
235, 534, -1997
674, 909, -1778
961, 986, 245
692, 353, 1967
642, 90, 1214
120, 729, 155
127, 1087, 1268
127, 1087, 1268
25, 460, 1998
11, 195, 1998
33, 359, 1963
-,-,-
-253, 23, -1997
34, 118, -1995
136, 440, -1997
606, 1021, -1997
960, 1336, -829
1038, 1249, 711
1243, 1110, 928
469, 1370, 1559
38, 1370, 1998
480, 1006, 1998
192, 818, 1998
192, 818, 1998
-23, 742, 1998
-235, 507, 1998
-133, 339, 1998
67, 395, 1998
-,-,-
182, 154, -1997
491, 671, -1997
722, 1612, -1997
954, 1997, -817
954, 1997, -817
1511, 1503, 1855
1180, 1046, 1112
318, 1820, 480
126, 1904, 1823
366, 1001, 1998
319, 755, 1998
-5, 653, 1998
-209, 492, 1998
-31, 335, 1998
248, 255, 1998
248, 255, 1998
-,-,-
82, 60, -1997
181, 574, -1997
109, 1627, -1997
898, 1997, -585
898, 1997, -585
1841, 1401, 1857
713, 1051, 1998
-296, 1479, 1767
-349, 1642, 1990
99, 1028, 1998
305, 371, 1998
53, 369, 1998
-241, 507, 1998
-11, 314, 1998
240, 258, 1998
-,-,-
-192, 97, -1997
-575, 894, -1997
-45, 1898, -1990
1334, 1997, -34
1976, 1434, 1850
790, 1314, 1971
-139, 1790, 1828
-34, 1734, 1998
262, 902, 1998
262, 902, 1998
420, 437, 1998
-95, 666, 1998
-22, 541, 1998
135, 438, 1998
-,-,-
136, -193, -1997
-21, 203, -1997
-262, 738, -1997
456, 1447, -1526
1262, 1900, -705
1944, 1976, 452
1036, 1304, 1998
-13, 970, 1998
-623, 1095, 1998
-264, 787, 1998
290, 241, 1998
142, 268, 1998
142, 268, 1998
-191, 511, 1998
-,-,-
-443, -4, -1997
-227, 638, -1997
476, 1666, -1997
1372, 1997, -797
1812, 1396, 1998
936, 980, 1700
-448, 1893, 1705
-448, 1473, 1998
66, 517, 1998
227, 372, 1998
-2, 412, 1998
-2, 412, 1998
6, 335, 1998
-3, 305, 1807
-,-,-
287, 1064, -1301
617, 1436, -271
1264, 1530, 692
971, 1257, 1913
233, 929, 1998
-360, 712, 1998
-357, 679, 1998
147, 336, 1998
358, 92, 1998
358, 92, 1998
106, 264, 1998
-117, 364, 1919
-61, 246, 1998
226, 134, 1998
-,-,-
62, 931, -1997
609, 1832, -1989
1673, 1997, -683
1981, 1997, 420
1981, 1997, 420
1761, 1960, 1333
890, 1151, 1998
-408, 1300, 1998
-210, 1079, 1998
335, 670, 1998
693, 143, 1998
352, 249, 1998
-43, 466, 1998
-,-,-
722, 898, -1934
969, 1614, -1041
872, 1866, 623
872, 1866, 623
750, 1500, 1911
471, 1049, 1998
-423, 1188, 1998
-448, 956, 1998
256, 411, 1998
339, 194, 1998
-5, 421, 1998
-184, 501, 1998
165, 414, 1998
-,-,-
42, 1, -1997
243, 582, -1997
734, 1258, -1903
1281, 1699, -559
1342, 1194, 1785
574, 686, 1998
-96, 922, 1851
-96, 922, 1851
-358, 948, 1998
116, 257, 1998
353, -25, 1998
148, 79, 1998
-82, 170, 1772
28, 131, 1365
28, 131, 1365
-,-,-
8, -54, -1997
-63, 45, -1997
-17, 370, -1997
104, 849, -1997
559, 1702, -1997
1654, 1997, -1711
1963, 1997, 1408
1408, 1654, 1998
290, 1705, 1987
204, 1866, 1995
529, 1344, 1998
529, 1344, 1998
411, 682, 1998
351, 299, 1998
-147, 368, 1998
-,-,-
50, -368, -1961
187, -208, -1980
376, 4, -1997
412, 729, -1990
881, 1484, -1538
1472, 1956, -135
936, 1650, 1998
181, 1060, 1998
-274, 1138, 1998
-171, 945, 1998
205, 517, 1998
345, 78, 1998
345, 78, 1998
48, 336, 1998
-84, 488, 1998
-,-,-
-288, -652, -963
-195, -684, -893
-154, -631, -422
-47, -694, -728
-90, -747, -924
-90, -747, -924
-295, -806, -487
-305, -931, 268
-386, -978, 386
-255, -975, -298
-247, -907, -629
-253, -736, -814
91, -600, -1361
361, -401, -1893
558, -86, -1997
914, 392, -1997
855, 1360, -1891
913, 1764, 537
1238, 1074, 1944
367, 1459, 1138
-192, 1997, 867
94, 1974, 1897
94, 1974, 1897
726, 1026, 1998
557, 765, 1998
-321, 861, 1998
-491, 544, 1998
-57, 394, 1998
145, 423, 1725
96, 360, 1444
-,-,-
-10, -399, -1907
-10, -399, -1582
-6, -317, -1582
-210, -252, -1295
-116, -109, -1540
424, -24, -997
512, 7, -210
446, 254, -802
473, 739, -759
657, 967, 498
782, 860, 1394
274, 860, 1471
274, 1094, 1471
-116, 1482, 1358
-59, 1485, 1953
386, 1025, 1998
354, 669, 1998
-85, 732, 1998
-249, 676, 1998
55, 442, 1998
345, 281, 1835
345, 281, 1835
-,-,-
-395, -481, -1620
-427, -361, -1289
-308, -328, -1486
-232, -286, -1650
81, -348, -1386
-98, -468, -247
-135, -757, 820
-62, -979, 800
-27, -974, 62
-27, -974, 62
-194, -837, -443
-217, -627, -510
-167, -555, -335
-14, -300, -1569
154, 367, -1997
290, 1344, -1697
966, 1418, 727
1206, 840, 1998
542, 1191, 1823
-193, 1650, 1287
-3, 1247, 1977
405, 287, 1998
88, 757, 1998
88, 757, 1998
-136, 704, 1998
-289, 482, 1998
-13, 376, 1931
-,-,-
-209, -384, -1996
68, -420, -1399
-44, -492, -266
-44, -585, -587
-70, -686, -735
-203, -741, -1050
-240, -685, -439
-228, -714, 237
73, -769, -369
181, -802, -595
-197, -679, -775
-342, -421, -898
7, -370, -588
7, -370, -588
218, -175, -1297
349, 334, -1698
555, 804, -697
666, 820, 618
762, 802, 1249
559, 831, 1894
559, 831, 1894
208, 970, 1995
-96, 969, 1998
302, 429, 1998
370, 142, 1998
12, 348, 1998
-219, 508, 1998
-,-,-
117, -440, -1975
128, -419, -1902
117, -539, -770
-90, -664, -104
-32, -835, -340
-64, -870, -572
-315, -774, -576
-274, -664, -245
-154, -700, 224
-40, -631, -846
-40, -631, -846
-32, -402, -1842
-171, 96, -1979
20, 595, -1409
609, 834, -378
1202, 718, 377
926, 1130, 631
122, 1331, 1800
70, 1344, 1478
554, 1120, 1925
554, 1120, 1925
818, 751, 1998
637, 513, 1998
-31, 589, 1998
-260, 503, 1998
222, 328, 1998
482, 303, 1992
-,-,-
-521, -610, -787
-372, -760, 146
-283, -887, 153
-233, -979, -316
-262, -946, -493
-252, -933, -87
-125, -942, 50
-125, -866, -564
-185, -804, -819
-273, -743, -836
-345, -631, -1054
-362, -534, -1277
-288, -396, -1841
65, -131, -1997
489, 454, -1997
591, 1068, -1498
756, 855, 556
789, 739, 294
789, 739, 294
479, 1500, -403
511, 1985, 580
986, 1423, 1960
757, 880, 1998
-4, 1130, 1998
-606, 941, 1998
-165, 503, 1998
537, 135, 1998
537, 135, 1998
555, 283, 1998
-,-,-
39, -234, -1986
39, -234, -1986
-59, -406, -1997
-365, -399, -1906
-426, -455, -523
-325, -685, 632
-374, -786, -381
-427, -897, -763
-663, -825, -120
-574, -798, 185
-269, -736, -226
-112, -639, -1503
-108, -470, -1995
-20, -172, -1997
365, 114, -1826
634, 299, -1030
680, 671, -1257
1193, 1498, -1665
1462, 1827, 665
1144, 881, 1998
428, 895, 1981
-521, 1545, 1605
-593, 1096, 1998
131, 114, 1998
131, 114, 1998
147, 139, 1998
-31, 425, 1864
-219, 372, 1998
-203, 344, 1998
-,-,-
-473, -311, -1388
-577, -294, -1820
-497, -275, -1896
-479, -222, -1408
-127, -264, -868
123, -276, -1354
83, -116, -1802
83, -116, -1802
71, 278, -1951
479, 665, -1212
1040, 613, 332
1046, 339, 1029
1044, 728, 109
562, 1290, 32
434, 1879, 419
1186, 1085, 1993
934, 904, 1998
934, 904, 1998
186, 1169, 1998
-574, 946, 1998
-25, 453, 1998
534, 96, 1998
262, 482, 1998
-257, 791, 1987
-85, 599, 1998
-85, 599, 1998
-,-,-
-464, -21, -1903
-263, 137, -1654
134, 195, -1104
266, 114, -1004
504, 486, -1940
1008, 1057, -1231
1498, 828, 1219
789, 123, 1906
258, 541, 496
258, 541, 496
158, 1371, -599
321, 1924, 482
945, 1222, 1852
912, 352, 1998
674, 1057, 1998
305, 1032, 1998
-28, 472, 1998
213, 392, 1996
213, 392, 1996
357, 370, 1578
-,-,-
-473, -612, -1418
-358, -612, -698
-189, -667, -180
-91, -688, -704
-163, -706, -1118
-234, -696, -849
-293, -745, -208
-222, -791, -109
-183, -852, -237
-200, -796, -951
-245, -615, -1495
-182, -369, -1752
99, -124, -1528
550, 61, -1549
870, 491, -1823
1005, 1021, -1135
661, 1240, 737
1019, 875, 1825
629, 1138, 1105
-140, 1780, 1053
242, 1611, 1889
546, 825, 1998
275, 646, 1998
275, 646, 1998
16, 756, 1998
-16, 600, 1998
58, 453, 1998
120, 388, 1998
-,-,-
-214, -517, -1590
-358, -767, -1471
-329, -719, -1042
-140, -749, -220
-140, -749, -220
-45, -754, -1482
-85, -778, -1410
-201, -712, -376
-145, -698, -337
-6, -674, -644
-18, -619, -1356
-111, -493, -1753
-265, -293, -1826
-260, -45, -1708
229, 20, -1748
569, 337, -1997
659, 1115, -1997
931, 1962, -1212
1582, 1676, 1541
1229, 807, 1881
-10, 1763, 173
174, 1997, 339
1107, 1779, 1823
1369, 465, 1998
162, 803, 1998
162, 803, 1998
-503, 1529, 1998
-64, 1017, 1998
256, 578, 1998
176, 620, 1937
-126, 709, 1325
-,-,-
-332, -672, -1152
-375, -746, -1075
-476, -671, -1031
-487, -661, -742
-438, -641, -706
-241, -674, -952
-208, -705, -707
-303, -680, -439
-230, -708, -365
-194, -696, -495
-198, -661, -981
-198, -661, -981
-298, -637, -1021
-318, -549, -1017
-12, -349, -1466
-12, -349, -1466
57, -150, -1963
152, 287, -1997
475, 1008, -1997
1094, 1795, -1322
1784, 1669, 782
1333, 1586, 968
915, 1709, 1800
218, 1602, 1998
257, 1475, 1998
579, 1100, 1998
558, 740, 1998
80, 720, 1998
-232, 601, 1998
-232, 601, 1998
-34, 380, 1977
-,-,-
69, -777, -1131
-93, -817, -925
-93, -817, -925
-362, -726, -753
-354, -754, -743
-232, -815, -768
-252, -853, -437
-267, -863, -255
-205, -888, -169
-135, -876, -410
-97, -863, -690
-195, -836, -486
-247, -815, -307
-236, -818, -280
-192, -781, -689
-192, -727, -1070
-273, -583, -1324
-303, -406, -1457
-251, -214, -1410
135, -139, -1497
376, 113, -1677
324, 605, -1470
548, 842, -31
625, 480, 1763
516, 396, 1325
226, 718, 1158
226, 718, 1158
-146, 1034, 1074
60, 947, 1530
491, 474, 1978
377, 287, 1998
221, 664, 1998
43, 565, 1998
-,-,-
-420, -922, -149
-420, -922, -149
-381, -976, -299
-341, -947, -141
-356, -932, 9
-318, -928, 57
-291, -883, -239
-311, -833, -535
-301, -788, -928
-321, -751, -589
-272, -707, -686
-191, -661, -1102
-157, -576, -1480
-190, -412, -1753
-216, -176, -1909
-126, 135, -1872
298, 392, -1741
693, 778, -1678
914, 1271, -923
826, 1289, 1109
480, 1087, 1546
312, 1468, 960
175, 1820, 1479
175, 1820, 1479
108, 1666, 1998
184, 1159, 1998
107, 808, 1998
60, 687, 1998
-28, 725, 1998
-,-,-
-148, -777, -1289
-197, -657, -1056
-249, -742, -340
-243, -679, -455
-169, -651, -1162
-127, -705, -1146
-191, -754, -491
-250, -770, -410
-154, -857, -201
-165, -857, -374
-142, -802, -822
-243, -682, -889
-202, -692, -137
-203, -687, -218
-149, -572, -847
-25, -414, -1521
15, -45, -1689
-59, 384, -928
219, 233, 453
605, 150, -49
605, 150, -49
553, 970, -947
499, 1862, -338
1012, 1543, 1634
592, 1078, 1998
-65, 1161, 1998
-356, 1082, 1998
-199, 552, 1998
-39, 219, 1998
61, 40, 1998
-,-,-
-2, -747, -940
-61, -749, -1182
-256, -730, -1118
-309, -722, -592
-210, -762, -554
-19, -806, -878
-28, -871, -668
-162, -867, -328
-307, -872, -12
-320, -890, -171
-286, -913, -371
-319, -901, -496
-390, -830, -526
-364, -760, -647
-324, -703, -681
-244, -653, -983
-197, -567, -1425
-189, -392, -1779
-113, -131, -1628
23, -93, -553
-2, -119, -271
212, 133, -977
212, 133, -977
402, 763, -954
552, 965, 440
651, 509, 1789
69, 450, 1696
-129, 1182, 387
151, 1456, 963
151, 1456, 963
684, 973, 1864
739, 357, 1998
251, 599, 1998
-,-,-
-382, -673, -958
-305, -743, -471
-276, -835, -150
-335, -811, -524
-267, -821, -574
-269, -816, -428
-294, -770, -410
-284, -759, -383
-328, -688, -556
-280, -597, -1207
-185, -455, -1627
28, -288, -1946
100, 26, -1996
32, 256, -1118
59, 240, -580
379, 591, -1238
873, 1096, -646
873, 1096, -646
598, 1242, 973
9, 713, 1994
-25, 739, 1723
177, 923, 1791
67, 801, 1995
397, 242, 1996
397, 242, 1996
162, -93, 1998
-256, 433, 1972
-69, 503, 1698
16, 220, 1987
137, -32, 1998
-,-,-
-495, -590, -798
-426, -597, -584
-380, -545, -1117
-406, -593, -1143
-414, -695, -368
-301, -834, 146
-297, -864, -261
-234, -865, -651
-225, -853, -566
-236, -806, -546
-228, -737, -602
-270, -635, -1020
-333, -500, -1383
-280, -315, -1586
-64, -84, -1902
31, 272, -1916
138, 493, -1023
172, 680, -764
172, 680, -764
430, 1208, -860
1200, 1528, 17
1327, 1110, 1918
1010, 737, 1998
187, 792, 1998
-185, 743, 1998
15, 391, 1998
416, -20, 1998
416, -20, 1998
323, -190, 1998
146, 211, 1987
-,-,-
-147, -627, -1418
-136, -678, -1157
-334, -651, -431
-449, -720, -26
-203, -891, -201
-180, -960, -290
-359, -960, 105
-359, -977, 105
-432, -947, 40
-350, -931, -229
-365, -858, -447
-417, -786, -664
-503, -708, -644
-451, -665, -848
-342, -569, -1346
-244, -420, -1790
-165, -154, -1972
-74, 222, -1760
400, 460, -1121
872, 512, -381
821, 637, 147
843, 1076, -167
808, 1479, 462
808, 1479, 462
938, 1289, 1846
952, 879, 1998
269, 1079, 1998
-343, 984, 1998
-342, 666, 1998
78, 227, 1998
130, 257, 1998
-7, 467, 1975
-,-,-
-102, -654, -975
1, -790, -1229
-124, -887, -829
-323, -895, 171
-257, -901, 479
52, -947, -469
52, -947, -469
-17, -991, -729
-275, -935, -554
-429, -910, 96
-429, -846, 134
-353, -793, -257
-261, -789, -853
-319, -783, -919
-418, -723, -924
-448, -667, -791
-396, -613, -863
-302, -544, -1309
-214, -367, -1876
60, -167, -1997
369, 159, -1726
491, 205, -539
582, 157, -56
582, 157, -56
356, 476, -431
197, 1213, -684
782, 1505, 561
861, 759, 1998
-81, 802, 1998
-481, 1249, 1610
-157, 1072, 1560
351, 411, 1998
351, 411, 1998
408, 54, 1998
96, 426, 1991
-177, 599, 1647
-174, 369, 1877
-12, 154, 1960
32, 143, 1856
32, 143, 1856
-11, 245, 1573
-,-,-
-397, -448, -1466
-403, -485, -1175
-429, -524, -628
-316, -602, -503
-172, -632, -1117
-230, -615, -1371
-322, -535, -1158
-76, -595, -390
-101, -724, 410
-58, -725, -637
-121, -559, -1561
-276, -208, -1563
-134, 39, -576
421, -337, 783
346, -463, 267
346, -463, 267
276, 74, -1347
357, 859, -1053
576, 902, 879
884, 159, 1998
636, 229, 1766
372, 701, 1379
-30, 760, 1762
-30, 760, 1762
-278, 624, 1796
83, 133, 1998
244, 162, 1998
322, 335, 1998
65, 339, 1998
-162, 308, 1980
-162, 308, 1980
-140, 226, 1783
-,-,-
-242, -860, -525
-202, -836, -330
-228, -809, -611
-354, -762, -943
-392, -719, -827
-344, -752, -303
-363, -748, -348
-316, -734, -607
-276, -716, -885
-389, -640, -1122
-510, -516, -1009
-399, -456, -902
-183, -400, -1147
23, -243, -1516
147, 53, -1474
338, 325, -771
535, 466, -140
535, 466, -140
873, 398, 659
946, 341, 1081
413, 710, 853
10, 1248, 399
575, 1001, 1467
575, 1001, 1467
522, 592, 1998
432, 594, 1998
188, 497, 1998
-49, 338, 1959
81, 89, 1990
251, 4, 1998
251, 4, 1998
308, 282, 1752
261, 402, 1272
158, 263, 1618
57, 180, 1774
-,-,-
-469, -666, -1029
-538, -665, -388
-543, -711, -21
-285, -862, -213
-47, -898, -763
-184, -856, -580
-196, -907, 294
-243, -991, 574
-166, -994, -371
-162, -983, -624
-234, -885, -623
-144, -828, -265
-51, -810, -371
-51, -810, -371
-4, -725, -1191
-2, -541, -1894
-68, -139, -1913
-73, 276, -1215
310, 316, -136
677, 225, 61
729, 839, -1039
706, 1349, 282
508, 976, 1933
508, 976, 1933
642, 416, 1998
562, 611, 1998
263, 549, 1998
-52, 200, 1998
64, -35, 1998
315, -4, 1998
315, -4, 1998
373, 180, 1826
-,-,-
-223, -763, -440
-280, -750, -565
-164, -866, -592
-140, -905, -335
-226, -888, -105
-208, -890, -240
-233, -855, -616
-269, -784, -1028
-308, -741, -661
-311, -737, -414
-225, -759, -572
-211, -721, -1038
-250, -623, -1366
-246, -451, -1587
-286, -166, -1596
-187, 17, -1229
106, -104, -630
270, -36, -1038
366, 370, -1184
420, 902, -634
745, 891, 690
802, 335, 1962
802, 335, 1962
184, 455, 1824
-275, 864, 1240
-387, 865, 1459
59, 284, 1984
165, 132, 1998
189, 236, 1998
-121, 256, 1998
-121, 256, 1998
-269, 211, 1991
-67, 140, 1798
-,-,-
-257, -611, -1378
-343, -598, -1160
-282, -654, -454
-303, -698, -243
-194, -810, -667
-182, -864, -814
-193, -854, -648
-193, -854, -648
-257, -820, -237
-228, -792, -294
-140, -738, -811
-93, -623, -1481
-123, -435, -1847
-113, -148, -1673
-52, 21, -949
246, -16, -621
403, 157, -742
232, 626, -426
301, 777, 508
470, 490, 1703
426, 428, 1461
426, 428, 1461
118, 623, 1362
-194, 764, 1506
3, 512, 1979
141, 282, 1998
-129, 370, 1998
-245, 378, 1998
-102, 222, 1998
-102, 222, 1998
-,-,-
-438, -493, -834
-255, -484, -1083
-293, -494, -1292
-379, -499, -844
-357, -570, -535
-298, -592, -693
-305, -588, -1139
-276, -546, -1344
-204, -445, -1451
-178, -266, -1395
-219, -154, -1000
-140, -153, -1085
78, -36, -1747
352, 361, -1770
593, 925, -1100
391, 643, 1374
428, 57, 1851
1010, -165, 761
515, 494, 103
515, 494, 103
208, 754, 1085
343, 4, 1998
125, -37, 1994
19, 203, 1740
19, 203, 1740
-266, 121, 1991
-79, 3, 1837
45, -117, 1970
37, 46, 1435
-,-,-
-276, -639, -763
-271, -678, -1092
-363, -705, -1062
-323, -739, -488
-323, -759, -259
-234, -727, -637
-220, -710, -923
-277, -656, -1052
-343, -585, -1001
-288, -550, -921
-199, -531, -1009
-180, -485, -1247
-263, -396, -1283
-288, -249, -1326
-202, -35, -1246
121, 107, -720
241, 47, 139
165, 30, 202
250, 291, -173
468, 640, -137
468, 640, -137
487, 835, 693
742, 501, 1894
811, 195, 1998
354, 499, 1698
-247, 625, 1609
-26, 412, 1615
-26, 412, 1615
396, 93, 1998
574, 69, 1998
284, 272, 1998
-17, 323, 1983
-121, 278, 1916
-46, 232, 1745
-46, 232, 1745
-,-,-
-17, -409, -1419
-14, -414, -1752
-203, -323, -1963
-168, -345, -1440
-44, -420, -979
-42, -458, -1220
-54, -462, -1482
-84, -472, -1163
-276, -354, -866
-306, -285, -547
-203, -311, -572
-24, -272, -1199
41, 12, -1436
108, 322, -613
242, 180, 882
242, 180, 882
292, -145, 1198
227, 83, 189
234, 626, -246
425, 771, 794
338, 344, 1996
338, 344, 1996
575, 97, 1998
456, 226, 1998
-140, 254, 1996
-306, 164, 1751
173, -120, 1713
376, -179, 1994
318, 91, 1574
101, 120, 1481
101, 120, 1481
-139, 50, 1920
-206, 96, 1813
-86, 78, 1420
-,-,-
-177, -647, -846
-228, -617, -1077
-283, -664, -740
-384, -660, -537
-401, -674, -579
-386, -730, -460
-394, -727, -641
-390, -656, -943
-414, -550, -999
-370, -421, -1086
-221, -366, -1086
-58, -396, -1335
-34, -215, -1578
-75, 161, -1437
153, 375, -558
153, 375, -558
518, -12, 805
405, -155, 672
460, 139, -172
185, 670, -32
301, 721, 1068
604, 176, 1998
604, 176, 1998
613, 111, 1978
226, 261, 1966
-194, 215, 1982
-249, 141, 1674
170, -50, 1604
454, -58, 1623
444, 47, 1702
444, 47, 1702
87, 124, 1992
-296, 197, 1997
-326, 159, 1917
-,-,-
0, -308, -1997
-98, -227, -1716
5, -170, -1233
-25, -78, -1627
-27, 140, -1856
216, 266, -957
288, 205, -417
375, 406, -539
323, 635, 212
323, 635, 212
346, 496, 1170
345, 731, 528
277, 1239, 255
443, 1352, 1029
858, 796, 1966
647, 662, 1998
647, 662, 1998
282, 885, 1998
-236, 748, 1998
-409, 412, 1998
-80, 203, 1703
319, 113, 1180
428, 142, 970
402, 197, 1062
-,-,-
60, -375, -1704
46, -494, -1572
-193, -484, -872
-186, -469, -698
-1, -531, -1470
30, -594, -1983
-10, -584, -1378
10, -585, -477
10, -585, -477
42, -584, -906
105, -558, -1644
-36, -414, -1809
-64, -162, -1913
86, 86, -1692
143, 327, -1052
224, 233, -335
414, 321, -996
687, 1070, -1438
1064, 1821, -362
958, 1326, 1821
958, 1326, 1821
293, 661, 1998
20, 1142, 1626
-259, 1241, 1615
-178, 805, 1998
267, 99, 1998
290, 86, 1998
56, 584, 1745
56, 584, 1745
-271, 584, 1667
-410, 380, 1926
-140, 219, 1659
203, 113, 1611
266, 199, 1537
127, 223, 1531
-199, 297, 1588
-,-,-
53, 11, -1620
53, 11, -1620
252, 250, -1810
541, 535, -1357
789, 479, 88
716, 427, 229
496, 696, 443
496, 696, 443
487, 740, 1000
3, 849, 1353
276, 813, 1621
410, 748, 1960
301, 823, 1969
301, 823, 1969
195, 717, 1998
62, 566, 1998
238, 273, 1998
117, 379, 1998
105, 495, 1976
207, 348, 1521
207, 348, 1521
-,-,-
-3, -317, -1693
117, -164, -1584
124, 35, -1299
396, 52, -1119
628, -65, -768
347, 44, -602
347, 44, -602
-83, 170, -311
-1, 491, -648
527, 911, -532
555, 670, 1460
221, 340, 1998
221, 340, 1998
155, 397, 1734
251, 680, 1120
106, 814, 1121
224, 346, 1915
150, 51, 1998
-34, 505, 1901
-34, 505, 1489
-23, 575, 1489
-26, 285, 1647
101, 59, 1576
306, -66, 1805
322, 116, 1814
124, 302, 1587
-163, 262, 1664
-,-,-
-87, -393, -1366
195, -499, -855
146, -566, -980
76, -636, -929
34, -743, -733
5, -866, -342
5, -866, -342
-133, -911, -206
-206, -905, -276
-214, -847, -564
-212, -766, -804
-179, -647, -1002
-90, -570, -1145
-133, -433, -1184
-148, -277, -1436
-112, -135, -1555
-7, 101, -1623
225, 371, -1137
176, 627, -491
290, 791, -147
685, 925, 123
685, 925, 123
856, 1064, 710
723, 853, 1796
230, 767, 1998
19, 809, 1978
-128, 913, 1698
-10, 613, 1953
114, 302, 1998
114, 302, 1998
60, 267, 1998
-260, 480, 1998
-250, 470, 1893
-116, 277, 1671
-,-,-
-142, -669, -981
-267, -615, -1080
-230, -678, -926
-159, -788, -713
-198, -793, -740
-216, -847, -107
-172, -900, -89
-211, -865, -558
-291, -826, -753
-264, -788, -719
-233, -752, -582
-142, -769, -411
-144, -767, -638
-246, -723, -1033
-285, -632, -1215
-207, -488, -1319
-83, -320, -1352
63, -233, -1137
200, -179, -983
401, -46, -1199
602, 306, -915
603, 349, 422
603, 349, 422
147, 270, 1279
84, 389, 606
201, 898, 90
334, 1288, 510
334, 1288, 510
600, 793, 1857
201, 561, 1998
-86, 759, 1998
-218, 675, 1998
-490, 404, 1998
-284, 151, 1998
35, 6, 1825
35, 6, 1825
110, 118, 1486
75, 216, 1039
-106, 253, 1108
-211, 203, 1270
-193, 172, 1288
-140, 109, 1166
